1.2800000e+02_C_   1.7900000e+02_C
 -1.9299636   26.1697128
 -1.4394653   26.1697128
 -0.4539564   26.1697128
  0.5385604   26.1697128
  1.7798477   26.1697128
  2.9026836   26.1697128
  3.7199685   26.1697128
  4.6267751  -25.8302872
  5.0887931  -25.8302872
  4.3433913  -25.8302872
  2.4924090  -25.8302872
  0.0781336  -25.8302872
 -2.3779398  -25.8302872
 -4.3649091  -25.8302872
 -5.8676700  -25.8302872
 -7.3689267   26.1697128
 -8.3790170   26.1697128
 -7.9128580  -25.8302872
 -6.4493500  -25.8302872
 -5.4584926  -25.8302872
 -5.4440508  -25.8302872
 -6.1722927  -25.8302872
 -7.0337320  -25.8302872
 -7.9630353   26.1697128
 -8.6817153   26.1697128
 -8.0670828   26.1697128
 -6.2827275   26.1697128
 -4.1475985   26.1697128
 -1.8337503   26.1697128
  0.3259554   26.1697128
  1.9167255   26.1697128
  3.2176228  -25.8302872
  4.3708300  -25.8302872
  4.4679891   26.1697128
  3.0462916   26.1697128
  2.0767367  -25.8302872
  2.3183485  -25.8302872
  2.1962498  -25.8302872
  0.9080404  -25.8302872
 -0.9743022   26.1697128
 -2.6689558   26.1697128
 -3.2871818   26.1697128
 -2.3761680   26.1697128
 -0.6860064  -25.8302872
  0.9107309  -25.8302872
  1.2338686  -25.8302872
  0.1725072  -25.8302872
 -1.5942564   26.1697128
 -3.2300225   26.1697128
 -3.3278453  -25.8302872
 -2.1516860  -25.8302872
 -1.5524328  -25.8302872
 -2.4731134  -25.8302872
 -3.9230001   26.1697128
 -4.6617174   26.1697128
 -4.3024938  -25.8302872
 -3.1386694  -25.8302872
 -2.3005009  -25.8302872
 -2.6090540  -25.8302872
 -3.7470619  -25.8302872
 -5.0624768  -25.8302872
 -6.4682808  -25.8302872
 -7.4297379  -25.8302872
 -7.9196003   26.1697128
 -8.4143852   26.1697128
 -7.9308781  -25.8302872
 -6.2133312  -25.8302872
 -5.0930411   26.1697128
 -5.0126533   26.1697128
 -4.2360957   26.1697128
 -2.6144396   26.1697128
 -0.8074058   26.1697128
  1.0940779   26.1697128
  2.7984839   26.1697128
  4.1572787   26.1697128
  5.3399847  -25.8302872
  6.1877734  -25.8302872
  5.6389217  -25.8302872
  3.8880818  -25.8302872
  1.7700288  -25.8302872
 -0.7803191  -25.8302872
 -3.0605214   26.1697128
 -4.4674845   26.1697128
 -4.4487322   26.1697128
 -3.2131779   26.1697128
 -1.6028629  -25.8302872
 -0.0468075  -25.8302872
  0.5008028  -25.8302872
 -0.2009898  -25.8302872
 -1.5393531   26.1697128
 -2.9568492   26.1697128
 -3.4338635   26.1697128
 -2.4509023   26.1697128
 -0.7240835   26.1697128
  0.8913306   26.1697128
  2.4499841   26.1697128
  3.9797181   26.1697128
  5.2495175  -25.8302872
  6.1416804  -25.8302872
  5.8606373   26.1697128
  4.2462459   26.1697128
  2.9333135   26.1697128
  2.9999744   26.1697128
  3.7695381  -25.8302872
  4.6520308  -25.8302872
  4.3660609   26.1697128
  2.7491592   26.1697128
  1.6801478   26.1697128
  1.8710865   26.1697128
  2.7039697   26.1697128
  3.8639238   26.1697128
  5.1905203  -25.8302872
  6.1116213  -25.8302872
  5.8453222   26.1697128
  4.2384428   26.1697128
  3.1745378  -25.8302872
  3.3680782  -25.8302872
  2.9762870   26.1697128
  1.5506694   26.1697128
  0.8243172  -25.8302872
  1.1898408  -25.8302872
  1.1308751  -25.8302872
  0.1200320  -25.8302872
 -1.6209925  -25.8302872
 -3.4888445  -25.8302872
 -4.9309151   26.1697128
 -6.1560501   26.1697128
 -6.0446563  -25.8302872
 -4.5167012  -25.8302872
 -3.4930081   26.1697128
 -3.4618365   26.1697128
 -3.2007545  -25.8302872
 -2.0869332  -25.8302872
 -1.5194413  -25.8302872
 -2.2111042  -25.8302872
 -3.2991064  -25.8302872
 -4.5890435  -25.8302872
 -5.9818665  -25.8302872
 -7.1819098  -25.8302872
 -8.0385319   26.1697128
 -8.4749808   26.1697128
 -7.9617516   26.1697128
 -6.2290612   26.1697128
 -3.8750555  -25.8302872
 -1.6948896  -25.8302872
 -0.8292951   26.1697128
 -1.1238747   26.1697128
 -1.0287630   26.1697128
 4.9644189E-04   26.1697128
  1.2605041  -25.8302872
  2.3928780  -25.8302872
  2.4794225   26.1697128
  1.5427170   26.1697128
  1.0654655  -25.8302872
  1.3127058  -25.8302872
  1.4386748  -25.8302872
  0.5220560  -25.8302872
 -1.1709613  -25.8302872
 -3.0143536  -25.8302872
 -4.6891620   26.1697128
 -6.0328769   26.1697128
 -5.9818996   26.1697128
 -4.2395267   26.1697128
 -2.1257877  -25.8302872
 -0.3132376  -25.8302872
  0.3650566  -25.8302872
 -0.5153525  -25.8302872
 -1.9447209  -25.8302872
 -3.4085841  -25.8302872
 -4.8900224   26.1697128
 -5.8900153   26.1697128
 -5.6639116   26.1697128
 -4.0775118   26.1697128
 -2.0432411   26.1697128
 -0.0259802   26.1697128
  1.9826143   26.1697128
  3.4963932   26.1697128
  4.5128635   26.1697128
  5.5211551   26.1697128
  6.5252797   26.1697128
  7.2820812   26.1697128
  7.9128715  -25.8302872
  8.4794592  -25.8302872
  7.5421356  -25.8302872
  5.1029693  -25.8302872
  2.3890140  -25.8302872
 -0.2197462  -25.8302872
 -2.2845095   26.1697128
 -3.8269064   26.1697128
 -4.1223576  -25.8302872
 -2.8016900  -25.8302872
 -1.8836099  -25.8302872
 -2.3966481  -25.8302872
 -3.6388410  -25.8302872
 -5.0073383  -25.8302872
 -6.1949877   26.1697128
 -7.0452951   26.1697128
 -6.4977267  -25.8302872
 -4.7475406  -25.8302872
 -3.8558207   26.1697128
 -3.8918895   26.1697128
 -3.4198665   26.1697128
 -2.1985708   26.1697128
 -0.5955207  -25.8302872
  1.2020334  -25.8302872
  1.8726872  -25.8302872
  0.7431853  -25.8302872
 -1.0582959  -25.8302872
 -2.7117506  -25.8302872
 -4.2897858  -25.8302872
 -5.8293947  -25.8302872
 -6.8590254   26.1697128
 -7.3836223   26.1697128
 -6.9153044  -25.8302872
 -5.4506964  -25.8302872
 -4.4592786   26.1697128
 -4.4445513   26.1697128
 -3.9466477  -25.8302872
 -2.4669658  -25.8302872
 -1.7130679   26.1697128
 -2.0645569   26.1697128
 -1.9984406   26.1697128
 -0.9839543   26.1697128
  0.5137265  -25.8302872
  2.0123948  -25.8302872
  2.2855663   26.1697128
  1.1987472   26.1697128
  0.6450129  -25.8302872
  1.0984852  -25.8302872
  1.0843294   26.1697128
  0.0963170   26.1697128
 -0.4070753   26.1697128
  0.3172463   26.1697128
  1.6670882   26.1697128
  3.0904326   26.1697128
  4.3060266   26.1697128
  5.4157717   26.1697128
  6.4715869   26.1697128
  7.2547247   26.1697128
  7.8989334   26.1697128
  8.4723577   26.1697128
  9.0097174  -25.8302872
  9.2835022  -25.8302872
  8.1969956   26.1697128
  5.9270204   26.1697128
  4.2800681  -25.8302872
  3.9313459  -25.8302872
  3.5084719   26.1697128
  2.0670176   26.1697128
  1.0873966  -25.8302872
  1.3238798  -25.8302872
  1.1991679   26.1697128
  0.4000272   26.1697128
 -0.0071350  -25.8302872
  0.5210159  -25.8302872
  0.7901088   26.1697128
 -0.0535884   26.1697128
 -0.4834521  -25.8302872
  0.2783323  -25.8302872
  0.6664615  -25.8302872
 -0.1165867  -25.8302872
 -1.4963497  -25.8302872
 -3.1801390  -25.8302872
 -4.7736297  -25.8302872
 -6.0759131  -25.8302872
 -7.2298266  -25.8302872
 -8.3081455  -25.8302872
 -9.1027489   26.1697128
 -9.2623994   26.1697128
 -8.3629413  -25.8302872
 -6.4334674  -25.8302872
 -4.9600005   26.1697128
 -4.6996691   26.1697128
 -4.0766302  -25.8302872
 -2.5331919  -25.8302872
 -1.7468101  -25.8302872
 -2.3269486  -25.8302872
 -3.3581291   26.1697128
 -4.3739156   26.1697128
 -4.4010588  -25.8302872
 -3.1888883  -25.8302872
 -2.3260874   26.1697128
 -2.6220904   26.1697128
 -2.5277039   26.1697128
 -1.2536139   26.1697128
  0.3763349   26.1697128
  2.1875938   26.1697128
  3.8460302   26.1697128
  5.1814036   26.1697128
  6.3521763   26.1697128
  7.4390850   26.1697128
  8.2380650  -25.8302872
  8.6451453  -25.8302872
  7.8717527  -25.8302872
  5.7613092  -25.8302872
  3.2148382   26.1697128
  0.6914112   26.1697128
 -0.3490748  -25.8302872
  0.1015976  -25.8302872
  0.0860151  -25.8302872
 -0.9027241  -25.8302872
 -2.1420868  -25.8302872
 -3.7543420  -25.8302872
 -5.3113861   26.1697128
 -6.1047000   26.1697128
 -5.7732935  -25.8302872
 -4.3784419  -25.8302872
 -3.4225650  -25.8302872
 -3.6711457  -25.8302872
 -4.7785975   26.1697128
 -5.8332443   26.1697128
 -5.3897868  -25.8302872
 -3.6926452  -25.8302872
 -2.5827515  -25.8302872
 -2.7528607  -25.8302872
 -3.8203314   26.1697128
 -5.0998077   26.1697128
 -5.0161008  -25.8302872
 -3.5022522  -25.8302872
 -2.7309463   26.1697128
 -3.0735660   26.1697128
 -3.0029307  -25.8302872
 -1.9861420  -25.8302872
 -1.2228882  -25.8302872
 -1.5696104  -25.8302872
 -2.7270653   26.1697128
 -4.0523886   26.1697128
 -4.2372408   26.1697128
 -2.8602230   26.1697128
 -0.9326325   26.1697128
  1.0302749   26.1697128
  2.7659763   26.1697128
  4.1407161   26.1697128
  5.5767460   26.1697128
  6.7988033   26.1697128
  7.4214414  -25.8302872
  7.7386756  -25.8302872
  7.1647064   26.1697128
  5.6462691   26.1697128
  4.6274253  -25.8302872
  4.3535244  -25.8302872
  3.7235718  -25.8302872
  2.1766110  -25.8302872
  0.1624345  -25.8302872
 -1.8445885  -25.8302872
 -3.6027666   26.1697128
 -4.9889584   26.1697128
 -5.2048231  -25.8302872
 -3.8436062  -25.8302872
 -2.9048662  -25.8302872
 -3.1621782  -25.8302872
 -4.0288786  -25.8302872
 -5.2060625  -25.8302872
 -6.2962377  -25.8302872
 -7.0968819  -25.8302872
 -7.7500102  -25.8302872
 -8.5731790  -25.8302872
 -9.2377835   26.1697128
 -9.3311995   26.1697128
 -8.3979950   26.1697128
 -6.2061273   26.1697128
 -3.6181707   26.1697128
 -1.0736068   26.1697128
  1.2036485  -25.8302872
  2.8543101  -25.8302872
  3.4501222  -25.8302872
  2.2824884  -25.8302872
  0.2163790  -25.8302872
 -1.8171037  -25.8302872
 -3.8339632  -25.8302872
 -5.3519531  -25.8302872
 -6.3705689   26.1697128
 -7.1347537   26.1697128
 -6.7885058   26.1697128
 -4.8956925   26.1697128
 -2.4601042  -25.8302872
 -0.4835719  -25.8302872
  0.2782713  -25.8302872
 -0.3143696  -25.8302872
 -1.5971201   26.1697128
 -2.9862815   26.1697128
 -3.4488593  -25.8302872
 -2.7037426  -25.8302872
 -2.3241057   26.1697128
 -2.6210807   26.1697128
 -2.2819894   26.1697128
 -1.1284224   26.1697128
  0.4401199  -25.8302872
  1.9748923  -25.8302872
  2.5116588  -25.8302872
  1.5591413  -25.8302872
 -0.1521663   26.1697128
 -1.7596776   26.1697128
 -2.3335045  -25.8302872
 -1.6450694  -25.8302872
 -1.0491117   26.1697128
 -1.4810712   26.1697128
 -1.7011546  -25.8302872
 -0.8324871  -25.8302872
 -0.3899010  -25.8302872
 -1.1452034  -25.8302872
 -2.5108300  -25.8302872
 -3.9422167  -25.8302872
 -5.1619082   26.1697128
 -6.0285411   26.1697128
 -5.7344905   26.1697128
 -4.1134717   26.1697128
 -2.0615627   26.1697128
 -0.0353150   26.1697128
  1.9778582  -25.8302872
  3.4939699  -25.8302872
  3.7760288  -25.8302872
  2.6937379  -25.8302872
  0.6711106   26.1697128
 -1.3402180   26.1697128
 -1.8745899  -25.8302872
 -1.1660524  -25.8302872
 -0.8050525   26.1697128
 -1.3567231   26.1697128
 -1.6377992   26.1697128
 -0.5550075   26.1697128
  1.2226748   26.1697128
  3.1092040   26.1697128
  4.5607906  -25.8302872
  5.5455740  -25.8302872
  5.5569211   26.1697128
  4.0915025   26.1697128
  2.8544717  -25.8302872
  2.9598045  -25.8302872
  3.0134716  -25.8302872
  1.8148149  -25.8302872
 -0.0219006  -25.8302872
 -1.9385072  -25.8302872
 -3.6506182  -25.8302872
 -5.2585388  -25.8302872
 -6.5681744  -25.8302872
 -7.4806337  -25.8302872
 -8.1907317  -25.8302872
 -8.5525266  -25.8302872
 -8.9820611  -25.8302872
 -9.4461090  -25.8302872
 -9.6825413   26.1697128
 -9.8030036   26.1697128
 -8.8835792  -25.8302872
 -6.6987324  -25.8302872
 -5.3403530   26.1697128
 -5.1386587   26.1697128
 -4.3002954   26.1697128
 -2.6471493   26.1697128
 -0.5788714  -25.8302872
  1.4557162  -25.8302872
  2.0019386   26.1697128
  1.2994389   26.1697128
  0.9415153  -25.8302872
  1.2495532  -25.8302872
  1.1612985  -25.8302872
  0.1355328  -25.8302872
 -1.3678949   26.1697128
 -2.8694913   26.1697128
 -3.1441546   26.1697128
 -1.8128956   26.1697128
  0.0913809   26.1697128
  2.0424097   26.1697128
  3.5268589  -25.8302872
  4.5283858  -25.8302872
  4.5482637   26.1697128
  3.3323916   26.1697128
  2.7129047  -25.8302872
  2.8876761  -25.8302872
  2.4863222   26.1697128
  1.3010323   26.1697128
  0.6971271   26.1697128
  1.3702375   26.1697128
  2.6939872  -25.8302872
  3.8588376  -25.8302872
  3.9619289  -25.8302872
  2.5432540  -25.8302872
  0.5944391   26.1697128
 -0.8888821   26.1697128
 -1.3994343   26.1697128
 -0.6787606   26.1697128
  0.6692227   26.1697128
  2.3368201   26.1697128
  3.9220610  -25.8302872
  4.9749413  -25.8302872
  5.0209838  -25.8302872
  3.5732424  -25.8302872
  1.1192182   26.1697128
 -0.8667072   26.1697128
 -1.3881361   26.1697128
 -0.6730042   26.1697128
  0.6721555   26.1697128
  2.3383144   26.1697128
  3.9228224   26.1697128
  5.2205292   26.1697128
  6.3721108   26.1697128
  7.4492416   26.1697128
  8.2432398   26.1697128
  8.6477818   26.1697128
  9.0990960   26.1697128
  9.8194406   26.1697128
 10.1864562  -25.8302872
 10.1282506  -25.8302872
  9.1177948  -25.8302872
  6.6413677  -25.8302872
  3.9084280   26.1697128
  1.5351952   26.1697128
  0.3260331   26.1697128
  0.9359651   26.1697128
  2.2275254  -25.8302872
  3.3759754  -25.8302872
  3.4707106  -25.8302872
  2.2929782  -25.8302872
  0.4669236   26.1697128
 -1.4442513   26.1697128
 -1.9275948   26.1697128
 -0.9478584   26.1697128
  0.5321173  -25.8302872
  2.0217650  -25.8302872
  2.5355404   26.1697128
  1.8165090   26.1697128
  1.2049625  -25.8302872
  1.6289796  -25.8302872
  1.8450163   26.1697128
  0.9742870   26.1697128
  0.5306504  -25.8302872
  1.0402175  -25.8302872
  1.0546420  -25.8302872
  0.0811913  -25.8302872
 -1.3955819   26.1697128
 -2.8835978   26.1697128
 -3.1513419   26.1697128
 -1.8165575   26.1697128
  0.0895151  -25.8302872
  2.0414591  -25.8302872
  2.7907746   26.1697128
  1.9465508   26.1697128
  1.5164188   26.1697128
  2.2780666   26.1697128
  3.4017261  -25.8302872
  4.2194306  -25.8302872
  4.1456511  -25.8302872
  2.8820604  -25.8302872
  0.7670609  -25.8302872
 -1.2913313  -25.8302872
 -3.0756821  -25.8302872
 -4.7204089  -25.8302872
 -6.0487971  -25.8302872
 -6.9708110  -25.8302872
 -7.6857770  -25.8302872
 -8.2952522  -25.8302872
 -8.6057798   26.1697128
 -8.7639936   26.1697128
 -7.8638036  -25.8302872
 -5.6887568  -25.8302872
 -4.0901704  -25.8302872
 -4.0112906  -25.8302872
 -4.9519014   26.1697128
 -5.9215426   26.1697128
 -5.4347748  -25.8302872
 -3.7155666  -25.8302872
 -2.8396300   26.1697128
 -2.8837403   26.1697128
 -2.4158145   26.1697128
 -0.9514063   26.1697128
  0.7755097  -25.8302872
  2.1457733  -25.8302872
  2.5987227   26.1697128
  1.8487004   26.1697128
  1.2213640   26.1697128
  1.8825361   26.1697128
  3.2002033  -25.8302872
  4.3619548  -25.8302872
  4.4634671   26.1697128
  3.2891877   26.1697128
  2.4456923   26.1697128
  2.7515314   26.1697128
  3.6429564  -25.8302872
  4.5875375  -25.8302872
  4.3332015  -25.8302872
  2.7324173  -25.8302872
  0.9360178   26.1697128
 -0.7148477   26.1697128
 -1.3107638  -25.8302872
 -0.6335830  -25.8302872
 -0.2885593  -25.8302872
 -1.0935698  -25.8302872
 -2.4845226  -25.8302872
 -3.9288131  -25.8302872
 -5.1550791  -25.8302872
 -6.2702616  -25.8302872
 -7.0836471  -25.8302872
 -7.7432670  -25.8302872
 -8.3245434  -25.8302872
 -8.6207037  -25.8302872
 -8.7715973   26.1697128
 -8.8484777   26.1697128
 -8.1520482   26.1697128
 -6.0808174   26.1697128
 -3.3091253  -25.8302872
 -0.9161482  -25.8302872
  0.0578737   26.1697128
 -0.1814622   26.1697128
 -0.0582038  -25.8302872
  0.7401963  -25.8302872
  0.9017812  -25.8302872
  0.0033087  -25.8302872
 -1.4352630   26.1697128
 -2.9038153   26.1697128
 -3.4068427  -25.8302872
 -2.4371352  -25.8302872
 -1.6978692   26.1697128
 -2.0568132   26.1697128
 -1.7492951  -25.8302872
 -0.3666147  -25.8302872
  0.3378610   26.1697128
 -0.2840087   26.1697128
 -0.3556512   26.1697128
  0.5886469   26.1697128
  1.8053668   26.1697128
  3.4060855   26.1697128
  4.7120518   26.1697128
  5.6226415   26.1697128
  6.5769870  -25.8302872
  7.3084261  -25.8302872
  6.9454943   26.1697128
  5.2893805   26.1697128
  3.9551905  -25.8302872
  3.7658208  -25.8302872
  3.4241368   26.1697128
  2.0240489   26.1697128
  1.0655041   26.1697128
  1.5579255   26.1697128
  2.7896142   26.1697128
  4.1527596   26.1697128
  5.3376822  -25.8302872
  6.4318003  -25.8302872
  6.2536534   26.1697128
  4.6916876   26.1697128
  3.6506660   26.1697128
  3.8558655   26.1697128
  4.6960146  -25.8302872
  5.6144706  -25.8302872
  5.3468240  -25.8302872
  3.4940580  -25.8302872
  1.3240737  -25.8302872
 -0.7623333  -25.8302872
 -2.8061576   26.1697128
 -4.3378861   26.1697128
 -4.3827018  -25.8302872
 -3.1795354  -25.8302872
 -2.3213221  -25.8302872
 -2.6196624  -25.8302872
 -3.5072668   26.1697128
 -4.4499013   26.1697128
 -4.1945735   26.1697128
 -2.5932840   26.1697128
 -0.7966270  -25.8302872
  1.0995697  -25.8302872
  1.8204819   26.1697128
  0.9617867   26.1697128
  0.5242815  -25.8302872
  1.0369726  -25.8302872
  1.0529887  -25.8302872
  0.0803489  -25.8302872
 -1.3960110  -25.8302872
 -3.1290165  -25.8302872
 -4.7475827  -25.8302872
 -6.0626422  -25.8302872
 -6.9778650   26.1697128
 -7.4441711   26.1697128
 -6.7009540  -25.8302872
 -4.8510849  -25.8302872
 -3.6633766  -25.8302872
 -3.7938392  -25.8302872
 -4.5959099   26.1697128
 -5.2497649   26.1697128
 -4.8473040   26.1697128
 -3.4162502   26.1697128
 -1.4611283   26.1697128
  0.7610063   26.1697128
  2.6287839   26.1697128
  4.0708166   26.1697128
  5.2959322  -25.8302872
  6.1653286  -25.8302872
  6.1178861  -25.8302872
  4.6225142  -25.8302872
  2.1442221   26.1697128
 -0.0992676   26.1697128
 -0.9971257  -25.8302872
 -0.4737844  -25.8302872
 -0.2071420   26.1697128
 -0.8068877   26.1697128
 -0.8672581  -25.8302872
 -0.1624168  -25.8302872
 -0.0485002   26.1697128
 -0.7260597   26.1697128
 -0.8260762  -25.8302872
  0.1037653  -25.8302872
  0.5775196   26.1697128
  0.0832974   26.1697128
  0.0766912   26.1697128
  1.0541253   26.1697128
  2.5329280  -25.8302872
  3.7767780  -25.8302872
  3.9201196  -25.8302872
  2.7671521  -25.8302872
  0.9537152  -25.8302872
 -1.1962309  -25.8302872
 -3.0272285   26.1697128
 -4.2053217   26.1697128
 -4.3151603   26.1697128
 -2.8999230   26.1697128
 -0.9528596  -25.8302872
  0.7747692  -25.8302872
  1.4097961   26.1697128
  0.9977423   26.1697128
  0.7878009   26.1697128
  1.6616357   26.1697128
  3.0876546   26.1697128
  4.3046112   26.1697128
  5.4150506   26.1697128
  6.4712194   26.1697128
  7.4997375  -25.8302872
  8.2689674  -25.8302872
  7.6800901  -25.8302872
  5.6636571  -25.8302872
  2.9198845   26.1697128
  0.2959323   26.1697128
 -0.7957713   26.1697128
 -0.1259943   26.1697128
  1.4412571   26.1697128
  2.9753717   26.1697128
  4.2474030  -25.8302872
  5.3859030  -25.8302872
  5.4755688   26.1697128
  4.2952535   26.1697128
  3.4486828   26.1697128
  3.7529551   26.1697128
  4.8887818   26.1697128
  5.9578855   26.1697128
  6.9929938   26.1697128
  8.0107815   26.1697128
  8.5293444  -25.8302872
  8.7935521  -25.8302872
  8.1925660   26.1697128
  6.1699635   26.1697128
  4.6490476   26.1697128
  4.6097409   26.1697128
  5.0801142   26.1697128
  5.8101693   26.1697128
  6.6725325   26.1697128
  7.6023065   26.1697128
  8.3212263   26.1697128
  8.6875160   26.1697128
  9.1193406   26.1697128
  9.5845552   26.1697128
 10.0667820   26.1697128
 10.5576766   26.1697128
 10.8077874   26.1697128
 10.9352189   26.1697128
 11.0001452  -25.8302872
 11.0332251  -25.8302872
 10.0692794   26.1697128
  7.8617490   26.1697128
  6.2466123   26.1697128
  6.1593001   26.1697128
  6.6052146   26.1697128
  7.0776080   26.1697128
  7.8086925  -25.8302872
  8.4263800  -25.8302872
  7.7602918   26.1697128
  5.7045198   26.1697128
  4.1667040   26.1697128
  4.1187869   26.1697128
  4.8299731   26.1697128
  5.6827225   26.1697128
  6.6075983  -25.8302872
  7.3240225  -25.8302872
  6.9534406  -25.8302872
  5.0482292  -25.8302872
  2.6063239   26.1697128
  0.3813732   26.1697128
 -0.5070392   26.1697128
  0.2663147   26.1697128
  1.6411385  -25.8302872
  2.8320113  -25.8302872
  2.9483609   26.1697128
  2.0268411   26.1697128
  1.5573267   26.1697128
  2.0537091   26.1697128
  3.0422160   26.1697128
  4.2814602   26.1697128
  5.4032552  -25.8302872
  6.2200097  -25.8302872
  5.9005461  -25.8302872
  4.2665794  -25.8302872
  1.9628734  -25.8302872
 -0.4368648  -25.8302872
 -2.6403315   26.1697128
 -4.2533977   26.1697128
 -4.3396550  -25.8302872
 -3.1576030  -25.8302872
 -2.3101476   26.1697128
 -2.3687690   26.1697128
 -2.1534366  -25.8302872
 -1.0629248  -25.8302872
 -0.5073090   26.1697128
 -0.9598228   26.1697128
 -0.9451785  -25.8302872
  0.0430827  -25.8302872
  0.5466018  -25.8302872
 -0.1776552  -25.8302872
 -1.5274641   26.1697128
 -2.7055918   26.1697128
 -2.8154479  -25.8302872
 -1.8906195  -25.8302872
 -1.4194195  -25.8302872
 -2.1601430  -25.8302872
 -3.2731417   26.1697128
 -4.0854145   26.1697128
 -3.7636675   26.1697128
 -2.3737374   26.1697128
 -0.6847680   26.1697128
  1.1565619   26.1697128
  2.8303194  -25.8302872
  4.1734989  -25.8302872
  4.3674489  -25.8302872
  2.9950664  -25.8302872
  0.8246375  -25.8302872
 -1.2619960  -25.8302872
 -3.0607358   26.1697128
 -4.4675937   26.1697128
 -4.4487878   26.1697128
 -2.7228062   26.1697128
 -0.6174186   26.1697128
  1.1908764   26.1697128
  3.0930027  -25.8302872
  4.5525361  -25.8302872
  4.5605683   26.1697128
  3.3386607   26.1697128
  2.4708988   26.1697128
  2.7643741   26.1697128
  3.6494998  -25.8302872
  4.5908713  -25.8302872
  4.3349001   26.1697128
  2.7332828   26.1697128
  1.9172588  -25.8302872
  2.2370945  -25.8302872
  2.1548508   26.1697128
  1.1321477   26.1697128
  0.6110804  -25.8302872
  1.0811966  -25.8302872
  1.0755209   26.1697128
  0.0918291   26.1697128
 -0.4093619   26.1697128
  0.5612813   26.1697128
  2.0366240   26.1697128
  3.5239111   26.1697128
  5.0172839  -25.8302872
  6.0233573  -25.8302872
  5.8003517  -25.8302872
  4.2155304  -25.8302872
  1.9368639   26.1697128
 -0.2049167   26.1697128
 -1.0509539  -25.8302872
 -0.5012098  -25.8302872
 -0.2211152  -25.8302872
 -1.0592070  -25.8302872
 -2.4670148   26.1697128
 -3.9198929   26.1697128
 -4.1697342   26.1697128
 -2.8258284   26.1697128
 -0.6699084  -25.8302872
  1.1641328  -25.8302872
  1.6081769  -25.8302872
  0.6084173  -25.8302872
 -1.1269602  -25.8302872
 -2.7467351  -25.8302872
 -4.0624103  -25.8302872
 -5.2231469  -25.8302872
 -6.3049422  -25.8302872
 -7.3465169  -25.8302872
 -8.1223992   26.1697128
 -8.5177112   26.1697128
 -7.7383227   26.1697128
 -5.6248242   26.1697128
 -3.3219968  -25.8302872
 -1.1679062  -25.8302872
 -0.0703970  -25.8302872
 -0.4920161  -25.8302872
 -1.6876310  -25.8302872
 -3.2775968  -25.8302872
 -4.8232844  -25.8302872
 -5.8560122  -25.8302872
 -6.6273871   26.1697128
 -7.2656025   26.1697128
 -6.8551733   26.1697128
 -5.1748596   26.1697128
 -2.8475398   26.1697128
 -0.4357704   26.1697128
  1.7738262  -25.8302872
  3.3900156  -25.8302872
  3.7230641   26.1697128
  2.6667523   26.1697128
  1.8833615  -25.8302872
  2.2198239  -25.8302872
  2.1460514  -25.8302872
  1.1276644  -25.8302872
 -0.6172038   26.1697128
 -2.2418142   26.1697128
 -2.5791531  -25.8302872
 -1.7702274  -25.8302872
 -1.3580797  -25.8302872
 -2.1288904  -25.8302872
 -3.2572185  -25.8302872
 -4.5677016  -25.8302872
 -5.7257928   26.1697128
 -6.5610403   26.1697128
 -6.4961988   26.1697128
 -4.7467621   26.1697128
 -2.3842241  -25.8302872
 -0.4449110  -25.8302872
  0.2979690   26.1697128
 -0.0591336   26.1697128
  0.0041226  -25.8302872
  0.7719516  -25.8302872
  0.9179605   26.1697128
  0.0115521   26.1697128
 -0.4502630   26.1697128
  0.5404422   26.1697128
  2.0260065  -25.8302872
  3.2733015  -25.8302872
  3.6635983   26.1697128
  2.6364545   26.1697128
  1.8679247   26.1697128
  2.4571588   26.1697128
  3.4929736   26.1697128
  4.7563212   26.1697128
  5.8903968   26.1697128
  6.7134084   26.1697128
  7.6231327   26.1697128
  8.3318373   26.1697128
  8.9381223  -25.8302872
  9.2470245  -25.8302872
  8.4236101   26.1697128
  6.5328805   26.1697128
  5.0791538   26.1697128
  5.0740800   26.1697128
  5.8070950  -25.8302872
  6.4257661  -25.8302872
  6.0053790  -25.8302872
  4.3199918  -25.8302872
  1.9900870   26.1697128
 -0.1777995   26.1697128
 -1.0371377   26.1697128
 -0.2489705   26.1697128
  1.3786007  -25.8302872
  2.6982482  -25.8302872
  2.8802087  -25.8302872
  1.7469175  -25.8302872
 -0.0564944  -25.8302872
 -1.9561327  -25.8302872
 -3.6595984   26.1697128
 -4.7727142   26.1697128
 -4.6042467  -25.8302872
 -3.2924125  -25.8302872
 -2.3788330   26.1697128
 -2.6489642   26.1697128
 -2.5413961   26.1697128
 -1.2605901   26.1697128
  0.3727805   26.1697128
  2.1857828   26.1697128
  3.8451075  -25.8302872
  4.9357335  -25.8302872
  4.7558074  -25.8302872
  3.4381350  -25.8302872
  1.5407810  -25.8302872
 -0.6519209  -25.8302872
 -2.7499025  -25.8302872
 -4.5544242  -25.8302872
 -5.7190279  -25.8302872
 -6.5575936  -25.8302872
 -7.4752427   26.1697128
 -7.9427850   26.1697128
 -7.4453978  -25.8302872
 -5.9659790  -25.8302872
 -4.7218151  -25.8302872
 -4.5783136  -25.8302872
 -5.2407996  -25.8302872
 -6.0687362  -25.8302872
 -6.7357699  -25.8302872
 -7.5660236  -25.8302872
 -8.2342379   26.1697128
 -8.5746930   26.1697128
 -7.7673549   26.1697128
 -5.6396162   26.1697128
 -3.3295333   26.1697128
 -1.1717460   26.1697128
  0.9084466   26.1697128
  2.7039047   26.1697128
  4.3542906   26.1697128
  5.6855622   26.1697128
  6.6090451  -25.8302872
  7.3247597  -25.8302872
  6.9538162  -25.8302872
  5.0484205  -25.8302872
  2.6064214  -25.8302872
  0.3814229  -25.8302872
 -1.7330139  -25.8302872
 -3.5459194  -25.8302872
 -4.9599948  -25.8302872
 -6.1708662  -25.8302872
 -7.0330051  -25.8302872
 -7.7174649  -25.8302872
 -8.3113972  -25.8302872
 -8.8592057  -25.8302872
 -9.3835141  -25.8302872
 -9.6506493  -25.8302872
 -9.7867546  -25.8302872
-10.1013003  -25.8302872